[  666.552788] [Project1] 2563 1588152952.357915090 1588152953.176378672
[  668.153999] [Project1] 2564 1588152953.960264853 1588152954.778387580
[  669.749883] [Project1] 2565 1588152955.561335707 1588152956.375070738
[  671.345218] [Project1] 2566 1588152957.162571519 1588152957.971202540
[  672.969460] [Project1] 2567 1588152958.777818894 1588152959.596255650
[  674.595700] [Project1] 2568 1588152960.414417070 1588152961.223310127
[  676.186389] [Project1] 2569 1588152962.5327193 1588152962.814793611
[  677.779355] [Project1] 2570 1588152963.595737971 1588152964.408553848
[  679.369436] [Project1] 2571 1588152965.191333053 1588152965.999431919
[  680.994922] [Project1] 2572 1588152966.778187245 1588152967.625711597
