[  231.539717] [Project1] 2248 1588150796.25930786 1588150797.69948978
[  233.529064] [Project1] 2249 1588150797.995516410 1588150799.60295416
[  235.603216] [Project1] 2250 1588150799.987853524 1588150801.135470890
[  237.574253] [Project1] 2251 1588150802.73587063 1588150803.107495842
[  239.562570] [Project1] 2252 1588150804.80508358 1588150805.96811040
[  242.014253] [Project1] 2253 1588150806.57681400 1588150807.549717865
[  244.001547] [Project1] 2254 1588150808.496468251 1588150809.537997760
[  245.993616] [Project1] 2257 1588150810.587859591 1588150811.531063059
[  247.853331] [Project1] 2258 1588150812.479274564 1588150813.391716448
[  249.683136] [Project1] 2259 1588150814.315696384 1588150815.222440269
